{
 "cells": [
  {
   "cell_type": "code",
   "execution_count": 1,
   "id": "2e5e640a",
   "metadata": {},
   "outputs": [],
   "source": [
    "import pandas as pd\n",
    "import numpy as np\n",
    "import matplotlib.pyplot as plt\n",
    "from seaborn import set_style\n",
    "import seaborn as sns\n",
    "\n",
    "\n",
    "from datetime import datetime\n",
    "\n",
    "set_style(\"whitegrid\")"
   ]
  },
  {
   "cell_type": "markdown",
   "id": "a5c3145c",
   "metadata": {},
   "source": [
    "### Importing the Data"
   ]
  },
  {
   "cell_type": "code",
   "execution_count": 2,
   "id": "f28ab15f",
   "metadata": {},
   "outputs": [
    {
     "data": {
      "text/html": [
       "<div>\n",
       "<style scoped>\n",
       "    .dataframe tbody tr th:only-of-type {\n",
       "        vertical-align: middle;\n",
       "    }\n",
       "\n",
       "    .dataframe tbody tr th {\n",
       "        vertical-align: top;\n",
       "    }\n",
       "\n",
       "    .dataframe thead th {\n",
       "        text-align: right;\n",
       "    }\n",
       "</style>\n",
       "<table border=\"1\" class=\"dataframe\">\n",
       "  <thead>\n",
       "    <tr style=\"text-align: right;\">\n",
       "      <th></th>\n",
       "      <th>Date</th>\n",
       "      <th>Close/Last</th>\n",
       "      <th>Open</th>\n",
       "      <th>High</th>\n",
       "      <th>Low</th>\n",
       "    </tr>\n",
       "  </thead>\n",
       "  <tbody>\n",
       "    <tr>\n",
       "      <th>0</th>\n",
       "      <td>10/27/2023</td>\n",
       "      <td>4117.37</td>\n",
       "      <td>4152.93</td>\n",
       "      <td>4156.70</td>\n",
       "      <td>4103.78</td>\n",
       "    </tr>\n",
       "    <tr>\n",
       "      <th>1</th>\n",
       "      <td>10/26/2023</td>\n",
       "      <td>4137.23</td>\n",
       "      <td>4175.99</td>\n",
       "      <td>4183.60</td>\n",
       "      <td>4127.90</td>\n",
       "    </tr>\n",
       "    <tr>\n",
       "      <th>2</th>\n",
       "      <td>10/25/2023</td>\n",
       "      <td>4186.77</td>\n",
       "      <td>4232.42</td>\n",
       "      <td>4232.42</td>\n",
       "      <td>4181.42</td>\n",
       "    </tr>\n",
       "    <tr>\n",
       "      <th>3</th>\n",
       "      <td>10/24/2023</td>\n",
       "      <td>4247.68</td>\n",
       "      <td>4235.79</td>\n",
       "      <td>4259.38</td>\n",
       "      <td>4219.43</td>\n",
       "    </tr>\n",
       "    <tr>\n",
       "      <th>4</th>\n",
       "      <td>10/23/2023</td>\n",
       "      <td>4217.04</td>\n",
       "      <td>4210.40</td>\n",
       "      <td>4255.84</td>\n",
       "      <td>4189.22</td>\n",
       "    </tr>\n",
       "    <tr>\n",
       "      <th>...</th>\n",
       "      <td>...</td>\n",
       "      <td>...</td>\n",
       "      <td>...</td>\n",
       "      <td>...</td>\n",
       "      <td>...</td>\n",
       "    </tr>\n",
       "    <tr>\n",
       "      <th>2531</th>\n",
       "      <td>11/05/2013</td>\n",
       "      <td>1762.97</td>\n",
       "      <td>1765.67</td>\n",
       "      <td>1767.03</td>\n",
       "      <td>1755.76</td>\n",
       "    </tr>\n",
       "    <tr>\n",
       "      <th>2532</th>\n",
       "      <td>11/04/2013</td>\n",
       "      <td>1767.93</td>\n",
       "      <td>1763.40</td>\n",
       "      <td>1768.78</td>\n",
       "      <td>1761.56</td>\n",
       "    </tr>\n",
       "    <tr>\n",
       "      <th>2533</th>\n",
       "      <td>11/01/2013</td>\n",
       "      <td>1761.64</td>\n",
       "      <td>1758.70</td>\n",
       "      <td>1765.67</td>\n",
       "      <td>1752.70</td>\n",
       "    </tr>\n",
       "    <tr>\n",
       "      <th>2534</th>\n",
       "      <td>10/31/2013</td>\n",
       "      <td>1756.54</td>\n",
       "      <td>1763.24</td>\n",
       "      <td>1768.53</td>\n",
       "      <td>1755.72</td>\n",
       "    </tr>\n",
       "    <tr>\n",
       "      <th>2535</th>\n",
       "      <td>10/30/2013</td>\n",
       "      <td>1763.31</td>\n",
       "      <td>1772.27</td>\n",
       "      <td>1775.22</td>\n",
       "      <td>1757.24</td>\n",
       "    </tr>\n",
       "  </tbody>\n",
       "</table>\n",
       "<p>2536 rows × 5 columns</p>\n",
       "</div>"
      ],
      "text/plain": [
       "            Date  Close/Last     Open     High      Low\n",
       "0     10/27/2023     4117.37  4152.93  4156.70  4103.78\n",
       "1     10/26/2023     4137.23  4175.99  4183.60  4127.90\n",
       "2     10/25/2023     4186.77  4232.42  4232.42  4181.42\n",
       "3     10/24/2023     4247.68  4235.79  4259.38  4219.43\n",
       "4     10/23/2023     4217.04  4210.40  4255.84  4189.22\n",
       "...          ...         ...      ...      ...      ...\n",
       "2531  11/05/2013     1762.97  1765.67  1767.03  1755.76\n",
       "2532  11/04/2013     1767.93  1763.40  1768.78  1761.56\n",
       "2533  11/01/2013     1761.64  1758.70  1765.67  1752.70\n",
       "2534  10/31/2013     1756.54  1763.24  1768.53  1755.72\n",
       "2535  10/30/2013     1763.31  1772.27  1775.22  1757.24\n",
       "\n",
       "[2536 rows x 5 columns]"
      ]
     },
     "execution_count": 2,
     "metadata": {},
     "output_type": "execute_result"
    }
   ],
   "source": [
    "sp500 = pd.read_csv('HistoricalData_1698682901398.csv')\n",
    "sp500"
   ]
  },
  {
   "cell_type": "code",
   "execution_count": 3,
   "id": "bdffacd2",
   "metadata": {},
   "outputs": [
    {
     "data": {
      "text/html": [
       "<div>\n",
       "<style scoped>\n",
       "    .dataframe tbody tr th:only-of-type {\n",
       "        vertical-align: middle;\n",
       "    }\n",
       "\n",
       "    .dataframe tbody tr th {\n",
       "        vertical-align: top;\n",
       "    }\n",
       "\n",
       "    .dataframe thead th {\n",
       "        text-align: right;\n",
       "    }\n",
       "</style>\n",
       "<table border=\"1\" class=\"dataframe\">\n",
       "  <thead>\n",
       "    <tr style=\"text-align: right;\">\n",
       "      <th></th>\n",
       "      <th>Date</th>\n",
       "      <th>Close/Last</th>\n",
       "      <th>Open</th>\n",
       "      <th>High</th>\n",
       "      <th>Low</th>\n",
       "    </tr>\n",
       "  </thead>\n",
       "  <tbody>\n",
       "    <tr>\n",
       "      <th>0</th>\n",
       "      <td>10/30/2013</td>\n",
       "      <td>1763.31</td>\n",
       "      <td>1772.27</td>\n",
       "      <td>1775.22</td>\n",
       "      <td>1757.24</td>\n",
       "    </tr>\n",
       "    <tr>\n",
       "      <th>1</th>\n",
       "      <td>10/31/2013</td>\n",
       "      <td>1756.54</td>\n",
       "      <td>1763.24</td>\n",
       "      <td>1768.53</td>\n",
       "      <td>1755.72</td>\n",
       "    </tr>\n",
       "    <tr>\n",
       "      <th>2</th>\n",
       "      <td>11/01/2013</td>\n",
       "      <td>1761.64</td>\n",
       "      <td>1758.70</td>\n",
       "      <td>1765.67</td>\n",
       "      <td>1752.70</td>\n",
       "    </tr>\n",
       "    <tr>\n",
       "      <th>3</th>\n",
       "      <td>11/04/2013</td>\n",
       "      <td>1767.93</td>\n",
       "      <td>1763.40</td>\n",
       "      <td>1768.78</td>\n",
       "      <td>1761.56</td>\n",
       "    </tr>\n",
       "    <tr>\n",
       "      <th>4</th>\n",
       "      <td>11/05/2013</td>\n",
       "      <td>1762.97</td>\n",
       "      <td>1765.67</td>\n",
       "      <td>1767.03</td>\n",
       "      <td>1755.76</td>\n",
       "    </tr>\n",
       "    <tr>\n",
       "      <th>...</th>\n",
       "      <td>...</td>\n",
       "      <td>...</td>\n",
       "      <td>...</td>\n",
       "      <td>...</td>\n",
       "      <td>...</td>\n",
       "    </tr>\n",
       "    <tr>\n",
       "      <th>2531</th>\n",
       "      <td>10/23/2023</td>\n",
       "      <td>4217.04</td>\n",
       "      <td>4210.40</td>\n",
       "      <td>4255.84</td>\n",
       "      <td>4189.22</td>\n",
       "    </tr>\n",
       "    <tr>\n",
       "      <th>2532</th>\n",
       "      <td>10/24/2023</td>\n",
       "      <td>4247.68</td>\n",
       "      <td>4235.79</td>\n",
       "      <td>4259.38</td>\n",
       "      <td>4219.43</td>\n",
       "    </tr>\n",
       "    <tr>\n",
       "      <th>2533</th>\n",
       "      <td>10/25/2023</td>\n",
       "      <td>4186.77</td>\n",
       "      <td>4232.42</td>\n",
       "      <td>4232.42</td>\n",
       "      <td>4181.42</td>\n",
       "    </tr>\n",
       "    <tr>\n",
       "      <th>2534</th>\n",
       "      <td>10/26/2023</td>\n",
       "      <td>4137.23</td>\n",
       "      <td>4175.99</td>\n",
       "      <td>4183.60</td>\n",
       "      <td>4127.90</td>\n",
       "    </tr>\n",
       "    <tr>\n",
       "      <th>2535</th>\n",
       "      <td>10/27/2023</td>\n",
       "      <td>4117.37</td>\n",
       "      <td>4152.93</td>\n",
       "      <td>4156.70</td>\n",
       "      <td>4103.78</td>\n",
       "    </tr>\n",
       "  </tbody>\n",
       "</table>\n",
       "<p>2536 rows × 5 columns</p>\n",
       "</div>"
      ],
      "text/plain": [
       "            Date  Close/Last     Open     High      Low\n",
       "0     10/30/2013     1763.31  1772.27  1775.22  1757.24\n",
       "1     10/31/2013     1756.54  1763.24  1768.53  1755.72\n",
       "2     11/01/2013     1761.64  1758.70  1765.67  1752.70\n",
       "3     11/04/2013     1767.93  1763.40  1768.78  1761.56\n",
       "4     11/05/2013     1762.97  1765.67  1767.03  1755.76\n",
       "...          ...         ...      ...      ...      ...\n",
       "2531  10/23/2023     4217.04  4210.40  4255.84  4189.22\n",
       "2532  10/24/2023     4247.68  4235.79  4259.38  4219.43\n",
       "2533  10/25/2023     4186.77  4232.42  4232.42  4181.42\n",
       "2534  10/26/2023     4137.23  4175.99  4183.60  4127.90\n",
       "2535  10/27/2023     4117.37  4152.93  4156.70  4103.78\n",
       "\n",
       "[2536 rows x 5 columns]"
      ]
     },
     "execution_count": 3,
     "metadata": {},
     "output_type": "execute_result"
    }
   ],
   "source": [
    "# Reversing the order of the rows so that the dates are increasing.\n",
    "sp500 = sp500.loc[::-1].reset_index(drop=True) \n",
    "sp500"
   ]
  },
  {
   "cell_type": "code",
   "execution_count": 4,
   "id": "8cc2562a",
   "metadata": {},
   "outputs": [
    {
     "data": {
      "text/html": [
       "<div>\n",
       "<style scoped>\n",
       "    .dataframe tbody tr th:only-of-type {\n",
       "        vertical-align: middle;\n",
       "    }\n",
       "\n",
       "    .dataframe tbody tr th {\n",
       "        vertical-align: top;\n",
       "    }\n",
       "\n",
       "    .dataframe thead th {\n",
       "        text-align: right;\n",
       "    }\n",
       "</style>\n",
       "<table border=\"1\" class=\"dataframe\">\n",
       "  <thead>\n",
       "    <tr style=\"text-align: right;\">\n",
       "      <th></th>\n",
       "      <th>Date</th>\n",
       "      <th>Close</th>\n",
       "      <th>Open</th>\n",
       "      <th>High</th>\n",
       "      <th>Low</th>\n",
       "    </tr>\n",
       "  </thead>\n",
       "  <tbody>\n",
       "    <tr>\n",
       "      <th>0</th>\n",
       "      <td>10/30/2013</td>\n",
       "      <td>1763.31</td>\n",
       "      <td>1772.27</td>\n",
       "      <td>1775.22</td>\n",
       "      <td>1757.24</td>\n",
       "    </tr>\n",
       "    <tr>\n",
       "      <th>1</th>\n",
       "      <td>10/31/2013</td>\n",
       "      <td>1756.54</td>\n",
       "      <td>1763.24</td>\n",
       "      <td>1768.53</td>\n",
       "      <td>1755.72</td>\n",
       "    </tr>\n",
       "    <tr>\n",
       "      <th>2</th>\n",
       "      <td>11/01/2013</td>\n",
       "      <td>1761.64</td>\n",
       "      <td>1758.70</td>\n",
       "      <td>1765.67</td>\n",
       "      <td>1752.70</td>\n",
       "    </tr>\n",
       "    <tr>\n",
       "      <th>3</th>\n",
       "      <td>11/04/2013</td>\n",
       "      <td>1767.93</td>\n",
       "      <td>1763.40</td>\n",
       "      <td>1768.78</td>\n",
       "      <td>1761.56</td>\n",
       "    </tr>\n",
       "    <tr>\n",
       "      <th>4</th>\n",
       "      <td>11/05/2013</td>\n",
       "      <td>1762.97</td>\n",
       "      <td>1765.67</td>\n",
       "      <td>1767.03</td>\n",
       "      <td>1755.76</td>\n",
       "    </tr>\n",
       "    <tr>\n",
       "      <th>...</th>\n",
       "      <td>...</td>\n",
       "      <td>...</td>\n",
       "      <td>...</td>\n",
       "      <td>...</td>\n",
       "      <td>...</td>\n",
       "    </tr>\n",
       "    <tr>\n",
       "      <th>2531</th>\n",
       "      <td>10/23/2023</td>\n",
       "      <td>4217.04</td>\n",
       "      <td>4210.40</td>\n",
       "      <td>4255.84</td>\n",
       "      <td>4189.22</td>\n",
       "    </tr>\n",
       "    <tr>\n",
       "      <th>2532</th>\n",
       "      <td>10/24/2023</td>\n",
       "      <td>4247.68</td>\n",
       "      <td>4235.79</td>\n",
       "      <td>4259.38</td>\n",
       "      <td>4219.43</td>\n",
       "    </tr>\n",
       "    <tr>\n",
       "      <th>2533</th>\n",
       "      <td>10/25/2023</td>\n",
       "      <td>4186.77</td>\n",
       "      <td>4232.42</td>\n",
       "      <td>4232.42</td>\n",
       "      <td>4181.42</td>\n",
       "    </tr>\n",
       "    <tr>\n",
       "      <th>2534</th>\n",
       "      <td>10/26/2023</td>\n",
       "      <td>4137.23</td>\n",
       "      <td>4175.99</td>\n",
       "      <td>4183.60</td>\n",
       "      <td>4127.90</td>\n",
       "    </tr>\n",
       "    <tr>\n",
       "      <th>2535</th>\n",
       "      <td>10/27/2023</td>\n",
       "      <td>4117.37</td>\n",
       "      <td>4152.93</td>\n",
       "      <td>4156.70</td>\n",
       "      <td>4103.78</td>\n",
       "    </tr>\n",
       "  </tbody>\n",
       "</table>\n",
       "<p>2536 rows × 5 columns</p>\n",
       "</div>"
      ],
      "text/plain": [
       "            Date    Close     Open     High      Low\n",
       "0     10/30/2013  1763.31  1772.27  1775.22  1757.24\n",
       "1     10/31/2013  1756.54  1763.24  1768.53  1755.72\n",
       "2     11/01/2013  1761.64  1758.70  1765.67  1752.70\n",
       "3     11/04/2013  1767.93  1763.40  1768.78  1761.56\n",
       "4     11/05/2013  1762.97  1765.67  1767.03  1755.76\n",
       "...          ...      ...      ...      ...      ...\n",
       "2531  10/23/2023  4217.04  4210.40  4255.84  4189.22\n",
       "2532  10/24/2023  4247.68  4235.79  4259.38  4219.43\n",
       "2533  10/25/2023  4186.77  4232.42  4232.42  4181.42\n",
       "2534  10/26/2023  4137.23  4175.99  4183.60  4127.90\n",
       "2535  10/27/2023  4117.37  4152.93  4156.70  4103.78\n",
       "\n",
       "[2536 rows x 5 columns]"
      ]
     },
     "execution_count": 4,
     "metadata": {},
     "output_type": "execute_result"
    }
   ],
   "source": [
    "sp500.rename(columns = {\"Close/Last\":\"Close\"},inplace=True)\n",
    "sp500"
   ]
  },
  {
   "cell_type": "code",
   "execution_count": 5,
   "id": "1e61161f",
   "metadata": {},
   "outputs": [
    {
     "name": "stdout",
     "output_type": "stream",
     "text": [
      "<class 'pandas.core.frame.DataFrame'>\n",
      "RangeIndex: 2536 entries, 0 to 2535\n",
      "Data columns (total 5 columns):\n",
      " #   Column  Non-Null Count  Dtype  \n",
      "---  ------  --------------  -----  \n",
      " 0   Date    2536 non-null   object \n",
      " 1   Close   2536 non-null   float64\n",
      " 2   Open    2536 non-null   float64\n",
      " 3   High    2536 non-null   float64\n",
      " 4   Low     2536 non-null   float64\n",
      "dtypes: float64(4), object(1)\n",
      "memory usage: 99.2+ KB\n"
     ]
    }
   ],
   "source": [
    "sp500.info()"
   ]
  },
  {
   "cell_type": "code",
   "execution_count": 6,
   "id": "fb46767b",
   "metadata": {},
   "outputs": [
    {
     "data": {
      "text/plain": [
       "str"
      ]
     },
     "execution_count": 6,
     "metadata": {},
     "output_type": "execute_result"
    }
   ],
   "source": [
    "type(sp500.Date[1]) #Each Date entry is being read as a string. "
   ]
  },
  {
   "cell_type": "code",
   "execution_count": 7,
   "id": "f20cf835",
   "metadata": {},
   "outputs": [
    {
     "data": {
      "text/html": [
       "<div>\n",
       "<style scoped>\n",
       "    .dataframe tbody tr th:only-of-type {\n",
       "        vertical-align: middle;\n",
       "    }\n",
       "\n",
       "    .dataframe tbody tr th {\n",
       "        vertical-align: top;\n",
       "    }\n",
       "\n",
       "    .dataframe thead th {\n",
       "        text-align: right;\n",
       "    }\n",
       "</style>\n",
       "<table border=\"1\" class=\"dataframe\">\n",
       "  <thead>\n",
       "    <tr style=\"text-align: right;\">\n",
       "      <th></th>\n",
       "      <th>Date</th>\n",
       "      <th>Close</th>\n",
       "      <th>Open</th>\n",
       "      <th>High</th>\n",
       "      <th>Low</th>\n",
       "    </tr>\n",
       "  </thead>\n",
       "  <tbody>\n",
       "    <tr>\n",
       "      <th>0</th>\n",
       "      <td>2013-10-30</td>\n",
       "      <td>1763.31</td>\n",
       "      <td>1772.27</td>\n",
       "      <td>1775.22</td>\n",
       "      <td>1757.24</td>\n",
       "    </tr>\n",
       "    <tr>\n",
       "      <th>1</th>\n",
       "      <td>2013-10-31</td>\n",
       "      <td>1756.54</td>\n",
       "      <td>1763.24</td>\n",
       "      <td>1768.53</td>\n",
       "      <td>1755.72</td>\n",
       "    </tr>\n",
       "    <tr>\n",
       "      <th>2</th>\n",
       "      <td>2013-11-01</td>\n",
       "      <td>1761.64</td>\n",
       "      <td>1758.70</td>\n",
       "      <td>1765.67</td>\n",
       "      <td>1752.70</td>\n",
       "    </tr>\n",
       "    <tr>\n",
       "      <th>3</th>\n",
       "      <td>2013-11-04</td>\n",
       "      <td>1767.93</td>\n",
       "      <td>1763.40</td>\n",
       "      <td>1768.78</td>\n",
       "      <td>1761.56</td>\n",
       "    </tr>\n",
       "    <tr>\n",
       "      <th>4</th>\n",
       "      <td>2013-11-05</td>\n",
       "      <td>1762.97</td>\n",
       "      <td>1765.67</td>\n",
       "      <td>1767.03</td>\n",
       "      <td>1755.76</td>\n",
       "    </tr>\n",
       "    <tr>\n",
       "      <th>...</th>\n",
       "      <td>...</td>\n",
       "      <td>...</td>\n",
       "      <td>...</td>\n",
       "      <td>...</td>\n",
       "      <td>...</td>\n",
       "    </tr>\n",
       "    <tr>\n",
       "      <th>2531</th>\n",
       "      <td>2023-10-23</td>\n",
       "      <td>4217.04</td>\n",
       "      <td>4210.40</td>\n",
       "      <td>4255.84</td>\n",
       "      <td>4189.22</td>\n",
       "    </tr>\n",
       "    <tr>\n",
       "      <th>2532</th>\n",
       "      <td>2023-10-24</td>\n",
       "      <td>4247.68</td>\n",
       "      <td>4235.79</td>\n",
       "      <td>4259.38</td>\n",
       "      <td>4219.43</td>\n",
       "    </tr>\n",
       "    <tr>\n",
       "      <th>2533</th>\n",
       "      <td>2023-10-25</td>\n",
       "      <td>4186.77</td>\n",
       "      <td>4232.42</td>\n",
       "      <td>4232.42</td>\n",
       "      <td>4181.42</td>\n",
       "    </tr>\n",
       "    <tr>\n",
       "      <th>2534</th>\n",
       "      <td>2023-10-26</td>\n",
       "      <td>4137.23</td>\n",
       "      <td>4175.99</td>\n",
       "      <td>4183.60</td>\n",
       "      <td>4127.90</td>\n",
       "    </tr>\n",
       "    <tr>\n",
       "      <th>2535</th>\n",
       "      <td>2023-10-27</td>\n",
       "      <td>4117.37</td>\n",
       "      <td>4152.93</td>\n",
       "      <td>4156.70</td>\n",
       "      <td>4103.78</td>\n",
       "    </tr>\n",
       "  </tbody>\n",
       "</table>\n",
       "<p>2536 rows × 5 columns</p>\n",
       "</div>"
      ],
      "text/plain": [
       "           Date    Close     Open     High      Low\n",
       "0    2013-10-30  1763.31  1772.27  1775.22  1757.24\n",
       "1    2013-10-31  1756.54  1763.24  1768.53  1755.72\n",
       "2    2013-11-01  1761.64  1758.70  1765.67  1752.70\n",
       "3    2013-11-04  1767.93  1763.40  1768.78  1761.56\n",
       "4    2013-11-05  1762.97  1765.67  1767.03  1755.76\n",
       "...         ...      ...      ...      ...      ...\n",
       "2531 2023-10-23  4217.04  4210.40  4255.84  4189.22\n",
       "2532 2023-10-24  4247.68  4235.79  4259.38  4219.43\n",
       "2533 2023-10-25  4186.77  4232.42  4232.42  4181.42\n",
       "2534 2023-10-26  4137.23  4175.99  4183.60  4127.90\n",
       "2535 2023-10-27  4117.37  4152.93  4156.70  4103.78\n",
       "\n",
       "[2536 rows x 5 columns]"
      ]
     },
     "execution_count": 7,
     "metadata": {},
     "output_type": "execute_result"
    }
   ],
   "source": [
    "# We convert the Date column to datetime format.\n",
    "sp500.Date = pd.to_datetime(sp500.Date, format=\"%m/%d/%Y\")\n",
    "sp500"
   ]
  },
  {
   "cell_type": "code",
   "execution_count": 8,
   "id": "c1ea027f",
   "metadata": {},
   "outputs": [
    {
     "name": "stdout",
     "output_type": "stream",
     "text": [
      "<class 'pandas.core.frame.DataFrame'>\n",
      "RangeIndex: 2536 entries, 0 to 2535\n",
      "Data columns (total 5 columns):\n",
      " #   Column  Non-Null Count  Dtype         \n",
      "---  ------  --------------  -----         \n",
      " 0   Date    2536 non-null   datetime64[ns]\n",
      " 1   Close   2536 non-null   float64       \n",
      " 2   Open    2536 non-null   float64       \n",
      " 3   High    2536 non-null   float64       \n",
      " 4   Low     2536 non-null   float64       \n",
      "dtypes: datetime64[ns](1), float64(4)\n",
      "memory usage: 99.2 KB\n"
     ]
    }
   ],
   "source": [
    "sp500.info()"
   ]
  },
  {
   "cell_type": "code",
   "execution_count": null,
   "id": "7add1807",
   "metadata": {},
   "outputs": [],
   "source": []
  },
  {
   "cell_type": "markdown",
   "id": "bf27286c",
   "metadata": {},
   "source": [
    "### Trend of the Data"
   ]
  },
  {
   "cell_type": "markdown",
   "id": "ec9fc282",
   "metadata": {},
   "source": [
    "We have to remember that the nature of the trend depends on what time interval we plot the data for. We find out the trend for the Closing, Opening, Highest, Lowest values for the last 10 years."
   ]
  },
  {
   "cell_type": "code",
   "execution_count": 9,
   "id": "70b7956b",
   "metadata": {
    "scrolled": true
   },
   "outputs": [
    {
     "data": {
